0.190659817426 0.190659817426 0.962962962963 0.273012622325 0.785398163397
-0.190659817426 0.190659817426 0.962962962963 0.273012622325 2.35619449019
-0.190659817426 -0.190659817426 0.962962962963 0.273012622325 3.92699081699
0.190659817426 -0.190659817426 0.962962962963 0.273012622325 5.49778714378
0.483912209213 0.200443000054 0.851851851852 0.551285598433 0.392699081699
0.200443000054 0.483912209213 0.851851851852 0.551285598433 1.1780972451
-0.200443000054 0.483912209213 0.851851851852 0.551285598433 1.96349540849
-0.483912209213 0.200443000054 0.851851851852 0.551285598433 2.74889357189
-0.483912209213 -0.200443000054 0.851851851852 0.551285598433 3.53429173529
-0.200443000054 -0.483912209213 0.851851851852 0.551285598433 4.31968989869
0.200443000054 -0.483912209213 0.851851851852 0.551285598433 5.10508806208
0.483912209213 -0.200443000054 0.851851851852 0.551285598433 5.89048622548
0.719958602935 0.19291232624 0.666666666667 0.841068670568 0.261799387799
0.527046276695 0.527046276695 0.666666666667 0.841068670568 0.785398163397
0.19291232624 0.719958602935 0.666666666667 0.841068670568 1.308996939
-0.19291232624 0.719958602935 0.666666666667 0.841068670568 1.83259571459
-0.527046276695 0.527046276695 0.666666666667 0.841068670568 2.35619449019
-0.719958602935 0.19291232624 0.666666666667 0.841068670568 2.87979326579
-0.719958602935 -0.19291232624 0.666666666667 0.841068670568 3.40339204139
-0.527046276695 -0.527046276695 0.666666666667 0.841068670568 3.92699081699
-0.19291232624 -0.719958602935 0.666666666667 0.841068670568 4.45058959259
0.19291232624 -0.719958602935 0.666666666667 0.841068670568 4.97418836818
0.527046276695 -0.527046276695 0.666666666667 0.841068670568 5.49778714378
0.719958602935 -0.19291232624 0.666666666667 0.841068670568 6.02138591938
0.895806416478 0.0 0.444444444444 1.11024233511 0.0
0.775791113543 0.447903208239 0.444444444444 1.11024233511 0.523598775598
0.447903208239 0.775791113543 0.444444444444 1.11024233511 1.0471975512
5.48505114707e-17 0.895806416478 0.444444444444 1.11024233511 1.57079632679
-0.447903208239 0.775791113543 0.444444444444 1.11024233511 2.09439510239
-0.775791113543 0.447903208239 0.444444444444 1.11024233511 2.61799387799
-0.895806416478 1.09701022941e-16 0.444444444444 1.11024233511 3.14159265359
-0.775791113543 -0.447903208239 0.444444444444 1.11024233511 3.66519142919
-0.447903208239 -0.775791113543 0.444444444444 1.11024233511 4.18879020479
-1.64551534412e-16 -0.895806416478 0.444444444444 1.11024233511 4.71238898038
0.447903208239 -0.775791113543 0.444444444444 1.11024233511 5.23598775598
0.775791113543 -0.447903208239 0.444444444444 1.11024233511 5.75958653158
0.941773858505 0.252347544839 0.222222222222 1.34670323449 0.261799387799
0.689426313666 0.689426313666 0.222222222222 1.34670323449 0.785398163397
0.252347544839 0.941773858505 0.222222222222 1.34670323449 1.308996939
-0.252347544839 0.941773858505 0.222222222222 1.34670323449 1.83259571459
-0.689426313666 0.689426313666 0.222222222222 1.34670323449 2.35619449019
-0.941773858505 0.252347544839 0.222222222222 1.34670323449 2.87979326579
-0.941773858505 -0.252347544839 0.222222222222 1.34670323449 3.40339204139
-0.689426313666 -0.689426313666 0.222222222222 1.34670323449 3.92699081699
-0.252347544839 -0.941773858505 0.222222222222 1.34670323449 4.45058959259
0.252347544839 -0.941773858505 0.222222222222 1.34670323449 4.97418836818
0.689426313666 -0.689426313666 0.222222222222 1.34670323449 5.49778714378
0.941773858505 -0.252347544839 0.222222222222 1.34670323449 6.02138591938
1.0 0.0 0.0 1.57079632679 0.0
0.866025403784 0.5 0.0 1.57079632679 0.523598775598
0.5 0.866025403784 0.0 1.57079632679 1.0471975512
6.12303176911e-17 1.0 0.0 1.57079632679 1.57079632679
-0.5 0.866025403784 0.0 1.57079632679 2.09439510239
-0.866025403784 0.5 0.0 1.57079632679 2.61799387799
-1.0 1.22460635382e-16 0.0 1.57079632679 3.14159265359
-0.866025403784 -0.5 0.0 1.57079632679 3.66519142919
-0.5 -0.866025403784 0.0 1.57079632679 4.18879020479
-1.83690953073e-16 -1.0 0.0 1.57079632679 4.71238898038
0.5 -0.866025403784 0.0 1.57079632679 5.23598775598
0.866025403784 -0.5 0.0 1.57079632679 5.75958653158
0.941773858505 0.252347544839 -0.222222222222 1.7948894191 0.261799387799
0.689426313666 0.689426313666 -0.222222222222 1.7948894191 0.785398163397
0.252347544839 0.941773858505 -0.222222222222 1.7948894191 1.308996939
-0.252347544839 0.941773858505 -0.222222222222 1.7948894191 1.83259571459
-0.689426313666 0.689426313666 -0.222222222222 1.7948894191 2.35619449019
-0.941773858505 0.252347544839 -0.222222222222 1.7948894191 2.87979326579
-0.941773858505 -0.252347544839 -0.222222222222 1.7948894191 3.40339204139
-0.689426313666 -0.689426313666 -0.222222222222 1.7948894191 3.92699081699
-0.252347544839 -0.941773858505 -0.222222222222 1.7948894191 4.45058959259
0.252347544839 -0.941773858505 -0.222222222222 1.7948894191 4.97418836818
0.689426313666 -0.689426313666 -0.222222222222 1.7948894191 5.49778714378
0.941773858505 -0.252347544839 -0.222222222222 1.7948894191 6.02138591938
0.895806416478 0.0 -0.444444444444 2.03135031848 0.0
0.775791113543 0.447903208239 -0.444444444444 2.03135031848 0.523598775598
0.447903208239 0.775791113543 -0.444444444444 2.03135031848 1.0471975512
5.48505114707e-17 0.895806416478 -0.444444444444 2.03135031848 1.57079632679
-0.447903208239 0.775791113543 -0.444444444444 2.03135031848 2.09439510239
-0.775791113543 0.447903208239 -0.444444444444 2.03135031848 2.61799387799
-0.895806416478 1.09701022941e-16 -0.444444444444 2.03135031848 3.14159265359
-0.775791113543 -0.447903208239 -0.444444444444 2.03135031848 3.66519142919
-0.447903208239 -0.775791113543 -0.444444444444 2.03135031848 4.18879020479
-1.64551534412e-16 -0.895806416478 -0.444444444444 2.03135031848 4.71238898038
0.447903208239 -0.775791113543 -0.444444444444 2.03135031848 5.23598775598
0.775791113543 -0.447903208239 -0.444444444444 2.03135031848 5.75958653158
0.719958602935 0.19291232624 -0.666666666667 2.30052398302 0.261799387799
0.527046276695 0.527046276695 -0.666666666667 2.30052398302 0.785398163397
0.19291232624 0.719958602935 -0.666666666667 2.30052398302 1.308996939
-0.19291232624 0.719958602935 -0.666666666667 2.30052398302 1.83259571459
-0.527046276695 0.527046276695 -0.666666666667 2.30052398302 2.35619449019
-0.719958602935 0.19291232624 -0.666666666667 2.30052398302 2.87979326579
-0.719958602935 -0.19291232624 -0.666666666667 2.30052398302 3.40339204139
-0.527046276695 -0.527046276695 -0.666666666667 2.30052398302 3.92699081699
-0.19291232624 -0.719958602935 -0.666666666667 2.30052398302 4.45058959259
0.19291232624 -0.719958602935 -0.666666666667 2.30052398302 4.97418836818
0.527046276695 -0.527046276695 -0.666666666667 2.30052398302 5.49778714378
0.719958602935 -0.19291232624 -0.666666666667 2.30052398302 6.02138591938
0.483912209213 0.200443000054 -0.851851851852 2.59030705516 0.392699081699
0.200443000054 0.483912209213 -0.851851851852 2.59030705516 1.1780972451
-0.200443000054 0.483912209213 -0.851851851852 2.59030705516 1.96349540849
-0.483912209213 0.200443000054 -0.851851851852 2.59030705516 2.74889357189
-0.483912209213 -0.200443000054 -0.851851851852 2.59030705516 3.53429173529
-0.200443000054 -0.483912209213 -0.851851851852 2.59030705516 4.31968989869
0.200443000054 -0.483912209213 -0.851851851852 2.59030705516 5.10508806208
0.483912209213 -0.200443000054 -0.851851851852 2.59030705516 5.89048622548
0.190659817426 0.190659817426 -0.962962962963 2.86858003127 0.785398163397
-0.190659817426 0.190659817426 -0.962962962963 2.86858003127 2.35619449019
-0.190659817426 -0.190659817426 -0.962962962963 2.86858003127 3.92699081699
0.190659817426 -0.190659817426 -0.962962962963 2.86858003127 5.49778714378
