0.28259708263 0.28259708263 0.916666666667 0.411137862322 0.785398163397
-0.28259708263 0.28259708263 0.916666666667 0.411137862322 2.35619449019
-0.28259708263 -0.28259708263 0.916666666667 0.411137862322 3.92699081699
0.28259708263 -0.28259708263 0.916666666667 0.411137862322 5.49778714378
0.688619145905 0.285235389544 0.666666666667 0.841068670568 0.392699081699
0.285235389544 0.688619145905 0.666666666667 0.841068670568 1.1780972451
-0.285235389544 0.688619145905 0.666666666667 0.841068670568 1.96349540849
-0.688619145905 0.285235389544 0.666666666667 0.841068670568 2.74889357189
-0.688619145905 -0.285235389544 0.666666666667 0.841068670568 3.53429173529
-0.285235389544 -0.688619145905 0.666666666667 0.841068670568 4.31968989869
0.285235389544 -0.688619145905 0.666666666667 0.841068670568 5.10508806208
0.688619145905 -0.285235389544 0.666666666667 0.841068670568 5.89048622548
0.942809041582 0.0 0.333333333333 1.23095941734 0.0
0.666666666667 0.666666666667 0.333333333333 1.23095941734 0.785398163397
5.77284971381e-17 0.942809041582 0.333333333333 1.23095941734 1.57079632679
-0.666666666667 0.666666666667 0.333333333333 1.23095941734 2.35619449019
-0.942809041582 1.15456994276e-16 0.333333333333 1.23095941734 3.14159265359
-0.666666666667 -0.666666666667 0.333333333333 1.23095941734 3.92699081699
-1.73185491414e-16 -0.942809041582 0.333333333333 1.23095941734 4.71238898038
0.666666666667 -0.666666666667 0.333333333333 1.23095941734 5.49778714378
0.923879532511 0.382683432365 0.0 1.57079632679 0.392699081699
0.382683432365 0.923879532511 0.0 1.57079632679 1.1780972451
-0.382683432365 0.923879532511 0.0 1.57079632679 1.96349540849
-0.923879532511 0.382683432365 0.0 1.57079632679 2.74889357189
-0.923879532511 -0.382683432365 0.0 1.57079632679 3.53429173529
-0.382683432365 -0.923879532511 0.0 1.57079632679 4.31968989869
0.382683432365 -0.923879532511 0.0 1.57079632679 5.10508806208
0.923879532511 -0.382683432365 0.0 1.57079632679 5.89048622548
0.942809041582 0.0 -0.333333333333 1.91063323625 0.0
0.666666666667 0.666666666667 -0.333333333333 1.91063323625 0.785398163397
5.77284971381e-17 0.942809041582 -0.333333333333 1.91063323625 1.57079632679
-0.666666666667 0.666666666667 -0.333333333333 1.91063323625 2.35619449019
-0.942809041582 1.15456994276e-16 -0.333333333333 1.91063323625 3.14159265359
-0.666666666667 -0.666666666667 -0.333333333333 1.91063323625 3.92699081699
-1.73185491414e-16 -0.942809041582 -0.333333333333 1.91063323625 4.71238898038
0.666666666667 -0.666666666667 -0.333333333333 1.91063323625 5.49778714378
0.688619145905 0.285235389544 -0.666666666667 2.30052398302 0.392699081699
0.285235389544 0.688619145905 -0.666666666667 2.30052398302 1.1780972451
-0.285235389544 0.688619145905 -0.666666666667 2.30052398302 1.96349540849
-0.688619145905 0.285235389544 -0.666666666667 2.30052398302 2.74889357189
-0.688619145905 -0.285235389544 -0.666666666667 2.30052398302 3.53429173529
-0.285235389544 -0.688619145905 -0.666666666667 2.30052398302 4.31968989869
0.285235389544 -0.688619145905 -0.666666666667 2.30052398302 5.10508806208
0.688619145905 -0.285235389544 -0.666666666667 2.30052398302 5.89048622548
0.28259708263 0.28259708263 -0.916666666667 2.73045479127 0.785398163397
-0.28259708263 0.28259708263 -0.916666666667 2.73045479127 2.35619449019
-0.28259708263 -0.28259708263 -0.916666666667 2.73045479127 3.92699081699
0.28259708263 -0.28259708263 -0.916666666667 2.73045479127 5.49778714378
