0.527046276695 0.527046276695 0.666666666667 0.841068670568 0.785398163397
-0.527046276695 0.527046276695 0.666666666667 0.841068670568 2.35619449019
-0.527046276695 -0.527046276695 0.666666666667 0.841068670568 3.92699081699
0.527046276695 -0.527046276695 0.666666666667 0.841068670568 5.49778714378
1.0 0.0 0.0 1.57079632679 0.0
6.12303176911e-17 1.0 0.0 1.57079632679 1.57079632679
-1.0 1.22460635382e-16 0.0 1.57079632679 3.14159265359
-1.83690953073e-16 -1.0 0.0 1.57079632679 4.71238898038
0.527046276695 0.527046276695 -0.666666666667 2.30052398302 0.785398163397
-0.527046276695 0.527046276695 -0.666666666667 2.30052398302 2.35619449019
-0.527046276695 -0.527046276695 -0.666666666667 2.30052398302 3.92699081699
0.527046276695 -0.527046276695 -0.666666666667 2.30052398302 5.49778714378
