0.143583841168 0.143583841168 0.979166666667 0.204480198969 0.785398163397
-0.143583841168 0.143583841168 0.979166666667 0.204480198969 2.35619449019
-0.143583841168 -0.143583841168 0.979166666667 0.204480198969 3.92699081699
0.143583841168 -0.143583841168 0.979166666667 0.204480198969 5.49778714378
0.369230882147 0.152940439032 0.916666666667 0.411137862322 0.392699081699
0.152940439032 0.369230882147 0.916666666667 0.411137862322 1.1780972451
-0.152940439032 0.369230882147 0.916666666667 0.411137862322 1.96349540849
-0.369230882147 0.152940439032 0.916666666667 0.411137862322 2.74889357189
-0.369230882147 -0.152940439032 0.916666666667 0.411137862322 3.53429173529
-0.152940439032 -0.369230882147 0.916666666667 0.411137862322 4.31968989869
0.152940439032 -0.369230882147 0.916666666667 0.411137862322 5.10508806208
0.369230882147 -0.152940439032 0.916666666667 0.411137862322 5.89048622548
0.563097269935 0.150881458739 0.8125 0.622368488555 0.261799387799
0.412215811196 0.412215811196 0.8125 0.622368488555 0.785398163397
0.150881458739 0.563097269935 0.8125 0.622368488555 1.308996939
-0.150881458739 0.563097269935 0.8125 0.622368488555 1.83259571459
-0.412215811196 0.412215811196 0.8125 0.622368488555 2.35619449019
-0.563097269935 0.150881458739 0.8125 0.622368488555 2.87979326579
-0.563097269935 -0.150881458739 0.8125 0.622368488555 3.40339204139
-0.412215811196 -0.412215811196 0.8125 0.622368488555 3.92699081699
-0.150881458739 -0.563097269935 0.8125 0.622368488555 4.45058959259
0.150881458739 -0.563097269935 0.8125 0.622368488555 4.97418836818
0.412215811196 -0.412215811196 0.8125 0.622368488555 5.49778714378
0.563097269935 -0.150881458739 0.8125 0.622368488555 6.02138591938
0.731034186104 0.145411740593 0.666666666667 0.841068670568 0.196349540849
0.619740858111 0.414097602436 0.666666666667 0.841068670568 0.589048622548
0.414097602436 0.619740858111 0.666666666667 0.841068670568 0.981747704247
0.145411740593 0.731034186104 0.666666666667 0.841068670568 1.37444678595
-0.145411740593 0.731034186104 0.666666666667 0.841068670568 1.76714586764
-0.414097602436 0.619740858111 0.666666666667 0.841068670568 2.15984494934
-0.619740858111 0.414097602436 0.666666666667 0.841068670568 2.55254403104
-0.731034186104 0.145411740593 0.666666666667 0.841068670568 2.94524311274
-0.731034186104 -0.145411740593 0.666666666667 0.841068670568 3.33794219444
-0.619740858111 -0.414097602436 0.666666666667 0.841068670568 3.73064127614
-0.414097602436 -0.619740858111 0.666666666667 0.841068670568 4.12334035784
-0.145411740593 -0.731034186104 0.666666666667 0.841068670568 4.51603943954
0.145411740593 -0.731034186104 0.666666666667 0.841068670568 4.90873852123
0.414097602436 -0.619740858111 0.666666666667 0.841068670568 5.30143760293
0.619740858111 -0.414097602436 0.666666666667 0.841068670568 5.69413668463
0.731034186104 -0.145411740593 0.666666666667 0.841068670568 6.08683576633
0.866025403784 0.0 0.5 1.0471975512 0.0
0.800103145191 0.331413574036 0.5 1.0471975512 0.392699081699
0.612372435696 0.612372435696 0.5 1.0471975512 0.785398163397
0.331413574036 0.800103145191 0.5 1.0471975512 1.1780972451
5.30270106023e-17 0.866025403784 0.5 1.0471975512 1.57079632679
-0.331413574036 0.800103145191 0.5 1.0471975512 1.96349540849
-0.612372435696 0.612372435696 0.5 1.0471975512 2.35619449019
-0.800103145191 0.331413574036 0.5 1.0471975512 2.74889357189
-0.866025403784 1.06054021205e-16 0.5 1.0471975512 3.14159265359
-0.800103145191 -0.331413574036 0.5 1.0471975512 3.53429173529
-0.612372435696 -0.612372435696 0.5 1.0471975512 3.92699081699
-0.331413574036 -0.800103145191 0.5 1.0471975512 4.31968989869
-1.59081031807e-16 -0.866025403784 0.5 1.0471975512 4.71238898038
0.331413574036 -0.800103145191 0.5 1.0471975512 5.10508806208
0.612372435696 -0.612372435696 0.5 1.0471975512 5.49778714378
0.800103145191 -0.331413574036 0.5 1.0471975512 5.89048622548
0.924693230215 0.183932919522 0.333333333333 1.23095941734 0.196349540849
0.78391706828 0.523796638925 0.333333333333 1.23095941734 0.589048622548
0.523796638925 0.78391706828 0.333333333333 1.23095941734 0.981747704247
0.183932919522 0.924693230215 0.333333333333 1.23095941734 1.37444678595
-0.183932919522 0.924693230215 0.333333333333 1.23095941734 1.76714586764
-0.523796638925 0.78391706828 0.333333333333 1.23095941734 2.15984494934
-0.78391706828 0.523796638925 0.333333333333 1.23095941734 2.55254403104
-0.924693230215 0.183932919522 0.333333333333 1.23095941734 2.94524311274
-0.924693230215 -0.183932919522 0.333333333333 1.23095941734 3.33794219444
-0.78391706828 -0.523796638925 0.333333333333 1.23095941734 3.73064127614
-0.523796638925 -0.78391706828 0.333333333333 1.23095941734 4.12334035784
-0.183932919522 -0.924693230215 0.333333333333 1.23095941734 4.51603943954
0.183932919522 -0.924693230215 0.333333333333 1.23095941734 4.90873852123
0.523796638925 -0.78391706828 0.333333333333 1.23095941734 5.30143760293
0.78391706828 -0.523796638925 0.333333333333 1.23095941734 5.69413668463
0.924693230215 -0.183932919522 0.333333333333 1.23095941734 6.08683576633
0.986013297183 0.0 0.166666666667 1.40334824758 0.0
0.910957504052 0.377330952924 0.166666666667 1.40334824758 0.392699081699
0.697216688778 0.697216688778 0.166666666667 1.40334824758 0.785398163397
0.377330952924 0.910957504052 0.166666666667 1.40334824758 1.1780972451
6.03739074342e-17 0.986013297183 0.166666666667 1.40334824758 1.57079632679
-0.377330952924 0.910957504052 0.166666666667 1.40334824758 1.96349540849
-0.697216688778 0.697216688778 0.166666666667 1.40334824758 2.35619449019
-0.910957504052 0.377330952924 0.166666666667 1.40334824758 2.74889357189
-0.986013297183 1.20747814868e-16 0.166666666667 1.40334824758 3.14159265359
-0.910957504052 -0.377330952924 0.166666666667 1.40334824758 3.53429173529
-0.697216688778 -0.697216688778 0.166666666667 1.40334824758 3.92699081699
-0.377330952924 -0.910957504052 0.166666666667 1.40334824758 4.31968989869
-1.81121722303e-16 -0.986013297183 0.166666666667 1.40334824758 4.71238898038
0.377330952924 -0.910957504052 0.166666666667 1.40334824758 5.10508806208
0.697216688778 -0.697216688778 0.166666666667 1.40334824758 5.49778714378
0.910957504052 -0.377330952924 0.166666666667 1.40334824758 5.89048622548
0.980785280403 0.195090322016 0.0 1.57079632679 0.196349540849
0.831469612303 0.55557023302 0.0 1.57079632679 0.589048622548
0.55557023302 0.831469612303 0.0 1.57079632679 0.981747704247
0.195090322016 0.980785280403 0.0 1.57079632679 1.37444678595
-0.195090322016 0.980785280403 0.0 1.57079632679 1.76714586764
-0.55557023302 0.831469612303 0.0 1.57079632679 2.15984494934
-0.831469612303 0.55557023302 0.0 1.57079632679 2.55254403104
-0.980785280403 0.195090322016 0.0 1.57079632679 2.94524311274
-0.980785280403 -0.195090322016 0.0 1.57079632679 3.33794219444
-0.831469612303 -0.55557023302 0.0 1.57079632679 3.73064127614
-0.55557023302 -0.831469612303 0.0 1.57079632679 4.12334035784
-0.195090322016 -0.980785280403 0.0 1.57079632679 4.51603943954
0.195090322016 -0.980785280403 0.0 1.57079632679 4.90873852123
0.55557023302 -0.831469612303 0.0 1.57079632679 5.30143760293
0.831469612303 -0.55557023302 0.0 1.57079632679 5.69413668463
0.980785280403 -0.195090322016 0.0 1.57079632679 6.08683576633
0.986013297183 0.0 -0.166666666667 1.73824440601 0.0
0.910957504052 0.377330952924 -0.166666666667 1.73824440601 0.392699081699
0.697216688778 0.697216688778 -0.166666666667 1.73824440601 0.785398163397
0.377330952924 0.910957504052 -0.166666666667 1.73824440601 1.1780972451
6.03739074342e-17 0.986013297183 -0.166666666667 1.73824440601 1.57079632679
-0.377330952924 0.910957504052 -0.166666666667 1.73824440601 1.96349540849
-0.697216688778 0.697216688778 -0.166666666667 1.73824440601 2.35619449019
-0.910957504052 0.377330952924 -0.166666666667 1.73824440601 2.74889357189
-0.986013297183 1.20747814868e-16 -0.166666666667 1.73824440601 3.14159265359
-0.910957504052 -0.377330952924 -0.166666666667 1.73824440601 3.53429173529
-0.697216688778 -0.697216688778 -0.166666666667 1.73824440601 3.92699081699
-0.377330952924 -0.910957504052 -0.166666666667 1.73824440601 4.31968989869
-1.81121722303e-16 -0.986013297183 -0.166666666667 1.73824440601 4.71238898038
0.377330952924 -0.910957504052 -0.166666666667 1.73824440601 5.10508806208
0.697216688778 -0.697216688778 -0.166666666667 1.73824440601 5.49778714378
0.910957504052 -0.377330952924 -0.166666666667 1.73824440601 5.89048622548
0.924693230215 0.183932919522 -0.333333333333 1.91063323625 0.196349540849
0.78391706828 0.523796638925 -0.333333333333 1.91063323625 0.589048622548
0.523796638925 0.78391706828 -0.333333333333 1.91063323625 0.981747704247
0.183932919522 0.924693230215 -0.333333333333 1.91063323625 1.37444678595
-0.183932919522 0.924693230215 -0.333333333333 1.91063323625 1.76714586764
-0.523796638925 0.78391706828 -0.333333333333 1.91063323625 2.15984494934
-0.78391706828 0.523796638925 -0.333333333333 1.91063323625 2.55254403104
-0.924693230215 0.183932919522 -0.333333333333 1.91063323625 2.94524311274
-0.924693230215 -0.183932919522 -0.333333333333 1.91063323625 3.33794219444
-0.78391706828 -0.523796638925 -0.333333333333 1.91063323625 3.73064127614
-0.523796638925 -0.78391706828 -0.333333333333 1.91063323625 4.12334035784
-0.183932919522 -0.924693230215 -0.333333333333 1.91063323625 4.51603943954
0.183932919522 -0.924693230215 -0.333333333333 1.91063323625 4.90873852123
0.523796638925 -0.78391706828 -0.333333333333 1.91063323625 5.30143760293
0.78391706828 -0.523796638925 -0.333333333333 1.91063323625 5.69413668463
0.924693230215 -0.183932919522 -0.333333333333 1.91063323625 6.08683576633
0.866025403784 0.0 -0.5 2.09439510239 0.0
0.800103145191 0.331413574036 -0.5 2.09439510239 0.392699081699
0.612372435696 0.612372435696 -0.5 2.09439510239 0.785398163397
0.331413574036 0.800103145191 -0.5 2.09439510239 1.1780972451
5.30270106023e-17 0.866025403784 -0.5 2.09439510239 1.57079632679
-0.331413574036 0.800103145191 -0.5 2.09439510239 1.96349540849
-0.612372435696 0.612372435696 -0.5 2.09439510239 2.35619449019
-0.800103145191 0.331413574036 -0.5 2.09439510239 2.74889357189
-0.866025403784 1.06054021205e-16 -0.5 2.09439510239 3.14159265359
-0.800103145191 -0.331413574036 -0.5 2.09439510239 3.53429173529
-0.612372435696 -0.612372435696 -0.5 2.09439510239 3.92699081699
-0.331413574036 -0.800103145191 -0.5 2.09439510239 4.31968989869
-1.59081031807e-16 -0.866025403784 -0.5 2.09439510239 4.71238898038
0.331413574036 -0.800103145191 -0.5 2.09439510239 5.10508806208
0.612372435696 -0.612372435696 -0.5 2.09439510239 5.49778714378
0.800103145191 -0.331413574036 -0.5 2.09439510239 5.89048622548
0.731034186104 0.145411740593 -0.666666666667 2.30052398302 0.196349540849
0.619740858111 0.414097602436 -0.666666666667 2.30052398302 0.589048622548
0.414097602436 0.619740858111 -0.666666666667 2.30052398302 0.981747704247
0.145411740593 0.731034186104 -0.666666666667 2.30052398302 1.37444678595
-0.145411740593 0.731034186104 -0.666666666667 2.30052398302 1.76714586764
-0.414097602436 0.619740858111 -0.666666666667 2.30052398302 2.15984494934
-0.619740858111 0.414097602436 -0.666666666667 2.30052398302 2.55254403104
-0.731034186104 0.145411740593 -0.666666666667 2.30052398302 2.94524311274
-0.731034186104 -0.145411740593 -0.666666666667 2.30052398302 3.33794219444
-0.619740858111 -0.414097602436 -0.666666666667 2.30052398302 3.73064127614
-0.414097602436 -0.619740858111 -0.666666666667 2.30052398302 4.12334035784
-0.145411740593 -0.731034186104 -0.666666666667 2.30052398302 4.51603943954
0.145411740593 -0.731034186104 -0.666666666667 2.30052398302 4.90873852123
0.414097602436 -0.619740858111 -0.666666666667 2.30052398302 5.30143760293
0.619740858111 -0.414097602436 -0.666666666667 2.30052398302 5.69413668463
0.731034186104 -0.145411740593 -0.666666666667 2.30052398302 6.08683576633
0.563097269935 0.150881458739 -0.8125 2.51922416503 0.261799387799
0.412215811196 0.412215811196 -0.8125 2.51922416503 0.785398163397
0.150881458739 0.563097269935 -0.8125 2.51922416503 1.308996939
-0.150881458739 0.563097269935 -0.8125 2.51922416503 1.83259571459
-0.412215811196 0.412215811196 -0.8125 2.51922416503 2.35619449019
-0.563097269935 0.150881458739 -0.8125 2.51922416503 2.87979326579
-0.563097269935 -0.150881458739 -0.8125 2.51922416503 3.40339204139
-0.412215811196 -0.412215811196 -0.8125 2.51922416503 3.92699081699
-0.150881458739 -0.563097269935 -0.8125 2.51922416503 4.45058959259
0.150881458739 -0.563097269935 -0.8125 2.51922416503 4.97418836818
0.412215811196 -0.412215811196 -0.8125 2.51922416503 5.49778714378
0.563097269935 -0.150881458739 -0.8125 2.51922416503 6.02138591938
0.369230882147 0.152940439032 -0.916666666667 2.73045479127 0.392699081699
0.152940439032 0.369230882147 -0.916666666667 2.73045479127 1.1780972451
-0.152940439032 0.369230882147 -0.916666666667 2.73045479127 1.96349540849
-0.369230882147 0.152940439032 -0.916666666667 2.73045479127 2.74889357189
-0.369230882147 -0.152940439032 -0.916666666667 2.73045479127 3.53429173529
-0.152940439032 -0.369230882147 -0.916666666667 2.73045479127 4.31968989869
0.152940439032 -0.369230882147 -0.916666666667 2.73045479127 5.10508806208
0.369230882147 -0.152940439032 -0.916666666667 2.73045479127 5.89048622548
0.143583841168 0.143583841168 -0.979166666667 2.93711245462 0.785398163397
-0.143583841168 0.143583841168 -0.979166666667 2.93711245462 2.35619449019
-0.143583841168 -0.143583841168 -0.979166666667 2.93711245462 3.92699081699
0.143583841168 -0.143583841168 -0.979166666667 2.93711245462 5.49778714378
